####Maximum Stamina####


Humpy likes to jump from one building to another. But he only jumps to next higher building and stops when no higher building is available. Stamina required for a journey is xor of all the heights on which humpy jumps until he stops. If heights are [1 2 4], and he starts from 1, goes to 2 stamina required is 1?2=3, then from 2 to 3. Stamina for the entire journey is 1?2?4=7. Find the maximum stamina required if can start his journey from any building.

Input Format ::
First line: N, no of buildings. Second line: N integers, defining heights of buildings.

Constraints
None

Output Format ::
Single Integer that is the maximum stamina required for any journey.

Sample Input 0 ::
5
1 2 3 8 6

Sample Output 0::
11

Explanation 0
If he starts from building 1, the stamina required is 1 ^ 2 ^ 3 ^ 8 = 8

From the building 2, the stamina required is 2 ^ 3 ^ 8 = 9

From the building 3, the stamina required is 3 ^ 8 = 11

Similarly, from 8 and 6, stamina required are 8 and 6 respectively.

The maximum stamina required for the journey is from building 3 is 11.

So the answer is 11.

Sample Input 1::
2
5 5

Sample Output 1
5
Sample Input 2
100
1357 1580 50 1944 639 1473 1748 5 974 1985 1076 975 1661 1673 1214 1137 1380 1508 1851 323 500 61 460 641 731 692 484 937 934 127 1543 371 1573 1735 420 1041 308 299 1134 1254 7 1545 622 1721 1190 1991 29 1372 136 230 420 1121 1864 556 404 1309 1426 884 279 1404 1669 880 145 1400 681 1137 58 1926 373 102 1216 810 1833 1628 287 1764 1157 1573 1812 1969 262 885 1710 739 1004 1392 788 1758 1331 1737 488 188 1610 1932 995 844 338 248 13 1570
Sample Output 2

2047
Sample Input 3
10
3 15 5 19 8 1 15 6 7 4

Sample Output 3
31

Sample Input 4
1003
147617 148366 166163 174312 155881 75358 42255 29761 152410 7552 128279 8825 78272 46426 178839 90508 35969 92696 62832 107057 45059 181000 173310 113205 60583 34456 119754 160800 54683 160200 85560 41123 113359 88760 87910 171700 27902 38397 174764 95668 189535 132115 183377 115836 113828 101732 36818 158579 45928 69596 37789 74888 7893 60757 134802 112386 85631 93935 169270 126629 176421 55032 191278 148746 23781 34213 60782 139580 155553 105601 130790 31316 187092 191406 151423 177485 71020 168131 63130 174135 156625 73386 107246 109357 18845 168656 70028 81094 106816 192908 93436 8079 113606 56234 82398 84532 136062 185267 52070 167195 164401 162232 4050 23596 97374 137900 147687 89289 101779 195854 174215 8367 117772 42530 110614 142803 100773 98389 142573 164552 50651 27958 80473 65475 111476 62549 124527 169850 119404 86929 8248 166451 159466 158700 114131 162780 156525 41667 35703 53712 119787 165918 193002 47914 109821 127490 132604 158001 74196 74297 189811 186437 87031 84089 30298 137756 68407 7044 91353 96380 184876 189392 190600 113386 130661 25662 2414 77660 158383 39684 100138 50861 117891 175845 168270 88258 113590 160005 135353 61324 16838 4616 191600 107425 83767 138999 78015 11614 38223 10387 186153 55766 40006 170255 175650 146673 80236 150088 198214 61219 66898 89325 66612 40649 139920 101777 76467 6445 157160 192942 100722 146644 187362 6057 1777 171661 1164 131948 194106 85241 17678 145763 111936 25941 32723 50040 106433 72605 103146 26392 149117 122900 90644 163195 33547 16240 83203 137557 30889 171198 5675 36194 135747 72226 91634 45076 165830 129160 172025 72242 75808 191955 190478 113429 98559 185020 192131 1105 199563 47753 92064 184196 61459 123038 158438 48761 187073 182223 68637 197033 154244 32352 166806 143393 123043 176714 20018 80467 37614 83753 86201 149386 80069 72845 157783 83051 33016 65707 65243 2308 76775 22600 94531 69105 64032 17006 29413 133615 24297 41696 31321 19160 59755 150432 194477 141193 178398 113021 188611 139018 138114 65356 10538 59893 174629 85857 186180 54242 17245 184859 70115 40463 121 29600 179303 153255 95753 146633 180729 15419 139323 128271 78510 143968 95596 140986 163856 54909 70018 76677 75943 145717 180556 121830 19685 185815 143214 3010 153428 53559 190275 136447 49286 130523 9532 67969 49914 197836 163131 96352 19631 54572 77900 71213 128785 142396 161266 30542 67104 82839 32353 112 79387 112030 178935 187966 137161 115440 134389 6453 10887 59081 185610 158627 149922 95003 1010 115905 180928 149207 196748 93487 6581 125193 24299 96767 198743 96727 111154 142651 101869 192907 150340 119878 78795 158760 120441 103046 139768 167610 190664 101290 114265 66514 29409 117399 55588 114011 139086 70246 129966 196731 126363 60239 52382 163794 143986 3842 143764 109985 49710 62929 172897 108858 5525 150329 137030 133417 153770 64456 107896 2535 21090 114775 8553 26182 67273 6943 47010 53571 18443 169001 180959 118506 92104 176716 5054 84766 173155 46010 149804 74519 73416 132581 110593 157901 170288 93379 184829 97355 162017 44956 185457 131521 40141 66450 112008 169256 117900 80655 17682 121611 42317 178065 21712 50519 27028 64444 169747 115513 86238 125674 57719 35174 105502 192655 29279 130600 120204 154771 57123 124454 115414 184089 3885 97524 79676 171066 71060 172312 33929 135509 78413 138472 135728 132683 105548 61204 54920 195189 97658 85338 177820 151322 76128 22366 180280 72971 128899 114021 118378 19908 141199 152879 79832 107624 62301 182528 17693 180895 16473 192765 59956 146788 150220 167112 150153 56501 144190 134673 95883 168462 167310 146474 145140 8646 161860 29571 153737 116465 173781 69388 188233 38184 105597 151065 84340 186944 35927 186482 117521 185841 47568 139490 97363 49237 39582 37966 26108 27846 140360 115074 15349 43378 32890 199940 173640 99686 46605 182887 197339 26681 69699 42880 163909 182864 19111 14601 27167 83839 61591 81188 123835 23029 55402 13945 17824 73723 63845 9471 178510 29242 93447 56876 64884 123857 125728 138061 4944 41758 133610 59384 113726 108718 164855 131412 82645 109038 45965 166672 171226 136184 78457 186400 81087 26477 148312 25905 194399 128903 181508 197628 9244 170201 122234 43886 126411 28924 95865 84435 152464 106979 38921 25590 151099 146739 148472 180011 105055 62063 167909 142705 76305 85979 190812 93058 126807 103844 46155 133592 90431 154322 180036 104877 62113 100546 161344 109857 84373 60533 166893 102344 175865 53731 71864 48157 187656 161703 33884 12194 182988 180159 91656 112096 192966 21537 54101 198346 190285 80452 75992 147997 160870 6022 16178 115865 175660 714 197282 152214 175174 123105 190930 191161 188130 13100 91377 90899 130768 144769 37653 99304 173967 13189 133306 98999 54740 14687 44772 176318 4896 8680 39076 71998 183555 34544 120467 19997 10336 171013 104334 127764 198342 86550 117246 93254 107104 46458 162833 139562 1934 129568 32822 175120 190926 51851 174486 190114 175383 67458 32798 148310 74067 67367 29916 168300 68228 38955 12200 123977 160447 127633 43599 127257 44598 77611 107084 53503 8278 154068 195865 101532 81500 3641 80759 5335 80365 35096 179445 89888 3356 74091 139882 170777 159958 190813 198144 94202 174963 86881 88692 119802 50630 190820 144660 121165 42693 136590 132206 44190 47688 2298 70045 19957 178684 42506 57946 166063 82715 1226 135332 139958 74503 71820 28865 129059 86750 168011 147098 175950 193831 98614 96552 119600 181293 92039 83029 118489 68976 132920 137432 99148 190302 88465 60968 181052 82247 176509 71106 55732 105217 127741 185065 74674 21952 32621 141634 99998 180374 57881 105421 191425 61831 3861 34737 94634 7838 5566 107899 23341 86534 44497 123527 84226 29456 164050 165456 84897 16567 160204 183557 173140 166936 46797 93697 157195 166984 147529 178401 117090 49934 25094 198244 33450 32104 100790 178226 88419 109347 84167 129458 141834 42161 34849 42604 40696 19836 105209 57916 184534 133804 16587 193827 187359 18259 15994 53323 192589 177668 99276 168330 108619 21947 160111 136344 66108 149043 122635 160743 140939 138692 89346 20906 19798 61131 34322 143024 95915 99445 35768 20513 57890 992 189957 49783 28492 131950 190405 195551 107620 35079 125020 189877 9355 181083 133525 46835 158710 30734 125449 172451 161921 147035 9660 140066 129337 141282 101951 9670 11396 67888 188078 196291 5084 166508 177459 22334 6123 89051 195138 176410 61550 163858 71091 105724 73605 188151 197420 115561 154746 108539 186236 50808 150797 38530 6089 190702 180774 149895 6201 7224 71969 12934
Sample Output 4

262021
Sample Input 5
5
1 2 3 2 3

Sample Output 5
3



###solution###



p=input()
n=list(map(int,input().strip().split()))
b=max(n)
a=[]
for i in range(len(n)):
  if int(n[i])<int(n[i+1]):
     a.append(n[i])
     i+=1
  else:
     if int(n[i])==int(b):
        a.append(n[i])
     break;
if len(a)==1:
    print(*a)
else:
    l=[]
    for x in range(len(a)):
        l.append(a[x:])
    l.pop()
    #print(l)
    z1=[]
    z=[]
    for i in l:
        count = 0
        for j in i:
          count=count^j
          z.append(count)
        t=max(z)
        z1.append(t)
    #print(z1)
    print(max(z1))